       0.000174
       0.000407
       0.000503
       0.000774
       0.000930
       0.000823
       0.000996
       0.001242
       0.001391
       0.001319
       0.001654
       0.001587
       0.001519
       0.001637
       0.001818
       0.002049
       0.001842
       0.001953
       0.001825
       0.001680
       0.002149
       0.001911
       0.001949
       0.001909
       0.002068
       0.002048
       0.001937
       0.002048
       0.001800
       0.002124
       0.001981
       0.002014
       0.001973
       0.001977
       0.001877
       0.002049
       0.001824
       0.001868
       0.001839
       0.001800
       0.001837
       0.001681
       0.001594
       0.001890
       0.001694
       0.001762
       0.001904
       0.001459
       0.001748
       0.001624
       0.001797
       0.001712
       0.001667
       0.001706
       0.001780
       0.001400
       0.001598
       0.001476
       0.001585
       0.001449
       0.001549
       0.001501
       0.001631
       0.001537
       0.001535
       0.001324
       0.001347
       0.001386
       0.001355
       0.001539
       0.001364
       0.001350
       0.001429
       0.001408
       0.001323
       0.001418
       0.001436
       0.001418
       0.001504
       0.001518
       0.001177
       0.001110
       0.001226
       0.001298
       0.001075
       0.001173
       0.001156
       0.001108
       0.001318
       0.001299
       0.001362
       0.001134
       0.001369
       0.001222
       0.001175
       0.001198
       0.001266
       0.001193
       0.001368
       0.001266
       0.001287
       0.001299
       0.000965
       0.001027
       0.001065
       0.000778
       0.001020
       0.000989
       0.001001
       0.001052
       0.000999
       0.001105
       0.001041
       0.000950
       0.001021
       0.000931
       0.001033
       0.001010
       0.000910
       0.001033
       0.001140
       0.000977
       0.001049
       0.000914
       0.000997
       0.001157
       0.001040
       0.001050
       0.000988
       0.000987
       0.001099
       0.001124
       0.001043
       0.001099
       0.000935
       0.001029
       0.001024
       0.000987
       0.001087
       0.000962
       0.001010
       0.000767
       0.000681
       0.000702
       0.000615
