       0.000856
       0.001101
       0.001374
       0.001514
       0.001615
       0.001690
       0.001829
       0.001704
       0.001648
       0.001903
       0.001865
       0.002010
       0.001836
       0.001960
       0.002030
       0.001671
       0.001815
       0.001849
       0.001798
       0.001871
       0.001639
       0.001643
       0.001745
       0.001564
       0.001566
       0.001540
       0.001716
       0.001615
       0.001500
       0.001575
       0.001618
       0.001462
       0.001380
       0.001395
       0.001402
